0,517
0,516
28,4
0,515
30,4
0,514
0,513
30,1
30,3
36,10
0,512
0,511
0,510
31,5
31,1
31,3
27,4
27,1
27,3
32,4
35,2
36,9
36,8
36,2
36,0
36,7
34,66
34,2
34,0
29,4
29,5
29,1
29,3
28,1
28,3
38,35
10,192
10,68
10,260
10,95
10,137
10,283
10,259
11,16
11,22
11,4
11,6
11,27
8,8
8,18
8,17
8,11
18,3
14,4
14,3
13,1
13,3
36,6
36,5
36,4
36,3
36,1
35,5
35,4
35,3
35,1
34,65
34,64
34,36
34,35
34,34
34,33
34,32
34,31
34,30
34,29
34,28
34,27
34,26
34,25
34,24
34,23
34,22
34,21
34,20
34,19
34,18
34,17
34,16
34,15
34,14
34,13
34,12
34,11
34,10
34,9
34,8
34,7
34,6
34,5
34,4
34,3
34,1
32,5
32,3
32,1
26,5
26,4
26,3
26,1
25,4
25,3
25,1
20,3
20,2
20,1
19,3
19,2
19,1
